11111111111111111111111111111111111111111111111111
11111111111111111111111111111111111111111111111111
11111111111111111111111111111111111111111111111111
11111111111111111111111111111111111111111111111111
11111111111111111111111111111111111111111111111111
11111111111000000011111111111100000001111111111111
11111111110111111101111111111101111110111111111111
11111111101111111110111111111101111110111111111111
11111111101111111110111111111101111110111111111111
11111111101111111110111111111100000001111111111111
11111111101111111110111111111101111110111111111111
11111111100000000000000000000001111110111111111111
11111111101111111110111111111101111110111111111111
1111100000111111111011111111110000000000000000000E
11111011111111111111111111111111111111111111111111
11111011111111111111111111111111111111111111111111
11111011111111111111111111111111111111111111111111
11111011111111111111111111111111111111111111111111
11111011111111111111111111111111111111111111111111
11111011111111111111111111111111111111111111111111
11111011111111111111111111111111111111111111111111
11111011111111111111111111111111111111111111111111
11111011111111111111111111111111111111111111111111
11111011111111111111111111111111111111111111111111
11111011111111111111111111111111111111111111111111
11111011111111111111111111111111111111111111111111
11111011111111111111111111111111111111111111111111
11111011111111111111111111111111111111111111111111
11111011111111111111111111111111111111111111111111
11111011111111111111111111111111111111111111111111
11111011111111111111111111111111111111111111111111
11111011111111111111111111111111111111111111111111
@0000011111111111111111111111111111111111111111111
11111111111111111111111111111111111111111111111111
11111111111111111111111111111111111111111111111111
11111111111111111111111111111111111111111111111111
11111111111111111111111111111111111111111111111111
11111111111111111111111111111111111111111111111111
11111111111111111111111111111111111111111111111111
11111111111111111111111111111111111111111111111111
11111111111111111111111111111111111111111111111111
11111111111111111111111111111111111111111111111111
11111111111111111111111111111111111111111111111111
11111111111111111111111111111111111111111111111111
11111111111111111111111111111111111111111111111111
11111111111111111111111111111111111111111111111111
11111111111111111111111111111111111111111111111111
11111111111111111111111111111111111111111111111111
11111111111111111111111111111111111111111111111111
11111111111111111111111111111111111111111111111111