11111111111111111111111111111111111111111111111111
@00111111111111111111111111111111111111111111111111
10100000000000000000000000111111111111111111111111
10101111111111111111111110111111111111111111111111
10101000000000000000000110111111111111111111111111
10101011111111111111110110111111111111111111111111
10101010000000000000110110111111111111111111111111
10101010111111111110110110111111111111111111111111
10101010100000000110110110111111111111111111111111
10101010101111110110110110111111111111111111111111
10101010101000010110110110111111111111111111111111
10101010101011010110110110111111111111111111111111
10101010101011010110000110111111111111111111111111
10101010101011010111110110111111111111111111111111
10101010101011010000010110111111111111111111111111
10101010101011111111010110111111111111111111111111
10101010101000000001010110111111111111111111111111
10101010101111111101010110111111111111111111111111
10101010100000011101010110111111111111111111111111
10101010111111011101010110111111111111111111111111
10101010000001011101010110111111111111111111111111
10101111111101011101010110111111111111111111111111
10100000000101011101010000111111111111111111111111
10111111110101011101011111111111111111111111111111
10000000010101000101000000000011111111111111111111
11111111010101111101111111111011111111111111111111
11111111010100000101000000001011111111111111111111
11111111010111110101111111101011111111111111111111
11111111010000010100000011101011111111111111111111
11111111011111010111111011101011111111111111111111
11111111010001010000001000101011111111111111111111
11111111010111011111101111101011111111111111111111
11111111010100000000101000001011111111111111111111
11111111010111111110101011111011111111111111111111
11111111010000000010101010000011111111111111111111
11111111011111111010101010111111111111111111111111
11111111000000001010101010000000001111111111111111
11111111111111101010101111111111101111111111111111
11111111111111101010000000000011101111111111111111
11111111111111101011111111111011101111111111111111
11111111111111101000000000001011101111111111111111
11111111111111101111111111101011101111111111111111
11111111111111100000000011101000101111111111111111
11111111111111111111111011101111101111111111111111
11111111111111111110000011100000101111111111111111
11111111111111111110111111111110101111111111111111
11111111111111111110000000000010100000000000001111
11111111111111111111111111111010111111111111101001
1111111111111111111111111111100000000000000000100E
11111111111111111111111111111111111111111111111111